Ableton, 603 604 605 606 607 608 609 610 611 612 613 614 615 616 617 618 619 620 621 622 623 624 625 626 627 628 629 630 631 632 633 634 635 636 637 638 639 640 641 642 643 644 645 646 647 648 649 650 651 652 653 654 655 656 657 658 659 660 661 662 663 664 665 666 667 668 669 670 671 672 673 674 675 676 677 678 679 680 681 682 683 684 685 686 687 688 689 690 691 692 702 703 704 705 706 707 708 709 710 711 902 903 904 905 906 907 908 909 910 911 912 913 914 915 916 917 918 919 920 921 922 923 924 925 926 927 928 929 930 931 932 933 934 935 936 937 938 939 940 941 942 943 944 945 946 947 948 949 950 951 952 953 954 955 956 957 958 959 960 961 962 963 964 965 966 967 968 969 971 972 973 974 975 976 977 978 979 980 981 982 983 1002 1003 1004 1005 1006 1007 1008 1009 1011 1012 1013 1014;
AbletonShort, 603 604 605 606 607 608 609 610 611 612 613 614 615 616 617;
DetailFaders, 1102 5103 1107;
TotalMixInputFaders, 1102 1103 1104 1105 1106 1107 1108 1109 1110 1112 1113 2108 2109 2110 2111 2112 2113 2114 2115 2116 2117 3102 3103 3104 3114;
TotalMixPlaybackFaders, 5102 5103 5104;
TotalMixOutputFaders, 9102 9103 9104 9106 9107 9108 9109 9110;
TotalMixSubmixSelectFaders, 13104 13105 13106 13107 13108 13109 13110 13111;
TouchBridgeForTotalMix, 1510 1511 1512 1513 1514 1515 1516 1517 1518 1519 1520 1521 1522 1523 1524 1525 1526 1527 1528 1529 1530 1531 1532 1533 1534 1535 1536 1537 1538 1539 1540 1541 1542 1543 1544 1545 1546 1547 1548 1549 1550 1551 1552 1553 1554 1555 1556 1557 1558 1559 1560 1561 1562 1563 1564;
FocusFaders, 9102 3103 1112 2111 9110 1102 1113 2113;
MeteringOnlyTotalMixFaders, 1106 3104 9103 9104;
iPadFaders, 1102 1103 1104 1105 1106 1107 1108 1109 1110 1111 1112 1113 2108 5102 5103 5104 9102 9103 9104 9105 9106 9107 9108;
CustomGroup, 645 646 647 648 649 651 652 653 654 655;
AnotherNewCustomGroup, 628 630 632 635 638 645 646 647 648 649 651 652 653 654 655;
ButtonGroup, 676 679 682 685 686;
CustomGroups, ButtonGroup AnotherNewCustomGroup CustomGroup;
TrimExcludeTotalMixFaders, 1106 9102 9103 9104 9106 9107 9108;
